5606
0
0
-1
3147
-1
9427
4299
-1
-1
0
-1
0
0
5415
8643
0
-1
7743
-1
-1
0
0
-1
-1
-1
-1
0
-1
-1
-1
-1
-1
-1
0
14139
-1
-1
-1
0
0
-1
0
8107
-1
0
1192
0
-1
0
-1
2875
-1
-1
0
16537
8997
-1
0
-1
-1
-1
-1
-1
-1
-1
-1
24956
-1
0
-1
-1
-1
4669
3087
0
-1
0
0
-1
8630
-1
-1
28327
-1
0
-1
-1
-1
-1
-1
-1
-1
0
-1
5935
0
5559
-1
-1
0
-1
-1
-1
-1
-1
-1
-1
-1
-1
-1
-1
-1
-1
-1
-1
0
1709
0
0
-1
21754
-1
-1
-1
-1
0
-1
-1
5559
-1
-1
-1
0
-1
0
3244
-1
4227
0
-1
6116
-1
-1
18686
0
-1
13389
7743
0
-1
-1
0
-1
-1
-1
-1
-1
0
0
7611
0
-1
0
0
0
7260
-1
7566
-1
0
-1
-1
13108
-1
-1
0
856
-1
-1
0
-1
-1
7018
0
-1
0
12589
-1
7743
4762
-1
-1
0
4996
0
9427
0
-1
0
0
0
-1
-1
0
3087
-1
0
11610
-1
0
0
-1
-1
2776
-1
0
5355
-1
-1
9971
1977
0
-1
-1
-1
1587
9686
-1
-1
-1
-1
0
0
-1
-1
4206
-1
0
-1
-1
8630
4206
18676
8667
0
30200
-1
-1
-1
22771
4177
0
-1
-1
-1
9686
-1
-1
-1
0
9196
0
-1
4161
-1
-1
4669
-1
-1
-1
-1
0
-1
4591
0
-1
-1
-1
0
-1
-1
-1
-1
0
-1
-1
0
1192
15002
1969
0
8643
-1
-1
-1
8643
4591
-1
9686
0
0
0
0
-1
0
0
8997
0
-1
-1
0
-1
-1
-1
-1
4669
7461
-1
-1
-1
0
0
-1
23067
-1
-1
-1
-1
-1
0
1969
14755
-1
0
-1
4041
0
-1
0
-1
-1
23067
0
18757
-1
0
-1
4591
-1
-1
-1
0
-1
-1
-1
0
-1
7566
7566
-1
15424
-1
0
-1
-1
-1
-1
-1
-1
0
-1
-1
-1
0
-1
0
1192
-1
-1
0
-1
-1
0
-1
-1
-1
0
-1
11517
-1
-1
-1
4299
0
-1
-1
0
-1
0
-1
0
0
-1
-1
-1
0
0
0
-1
0
0
-1
-1
-1
-1
-1
-1
-1
-1
-1
-1
-1
-1
-1
19196
-1
-1
-1
-1
0
-1
-1
7634
0
0
16537
-1
0
0
4762
-1
-1
-1
-1
-1
-1
-1
-1
-1
-1
7416
-1
-1
-1
-1
-1
-1
-1
-1
9427
0
-1
-1
30027
-1
-1
-1
-1
-1
-1
4299
-1
9723
-1
-1
-1
11609
-1
-1
-1
518
0
-1
23067
-1
11936
0
10801
-1
0
-1
-1
-1
-1
7775
-1
-1
-1
0
0
-1
0
0
-1
0
23067
-1
-1
5260
0
-1
-1
0
-1
-1
0
25004
0
0
-1
9971
-1
-1
-1
-1
0
0
17522
-1
-1
-1
0
9686
7775
-1
9332
0
-1
-1
15002
9632
0
-1
-1
-1
9060
32102
0
-1
-1
0
-1
-1
7611
24932
-1
-1
-1
-1
-1
0
-1
4669
-1
-1
-1
-1
4669
-1
8910
-1
0
0
-1
-1
-1
0
0
16716
-1
16537
-1
0
12589
8207
12371
-1
0
-1
11936
-1
-1
-1
-1
3087
-1
4669
-1
-1
-1
-1
0
-1
0
-1
-1
0
-1
0
4486
-1
6359
4762
-1
-1
0
-1
0
0
-1
0
5789
-1
-1
5935
-1
0
-1
-1
-1
0
0
0
-1
5259
2252
-1
-1
4996
-1
-1
-1
-1
-1
40041
0
7187
1969
-1
-1
-1
-1
28378
0
-1
-1
-1
-1
-1
-1
-1
-1
-1
0
-1
5559
-1
-1
-1
-1
8910
-1
-1
0
0
-1
15002
-1
13905
0
-1
-1
0
-1
-1
-1
0
-1
2200
-1
0
25
-1
0
-1
-1
0
-1
0
-1
-1
-1
-1
0
0
-1
9280
4762
-1
-1
0
-1
6737
-1
-1
-1
-1
-1
0
-1
-1
-1
-1
-1
-1
-1
-1
-1
-1
-1
0
-1
7261
-1
0
0
17279
-1
5355
-1
4762
0
-1
0
-1
-1
-1
0
0
-1
0
8320
14114
14876
0
-1
-1
0
-1
-1
-1
0
7035
-1
-1
-1
7775
4762
0
-1
-1
-1
-1
-1
-1
-1
-1
7775
17196
-1
-1
0
18240
-1
-1
0
-1
-1
-1
9196
0
-1
-1
6359
-1
-1
-1
-1
-1
4578
-1
-1
-1
-1
10801
-1
-1
-1
-1
8643
-1
0
-1
0
-1
19263
-1
0
0
0
-1
-1
-1
-1
0
-1
-1
0
14143
-1
-1
-1
-1
7036
-1
0
-1
0
9686
-1
-1
-1
-1
803
-1
12069
23067
-1
-1
0
-1
-1
-1
-1
-1
-1
-1
0
-1
-1
0
-1
-1
-1
-1
-1
0
-1
0
0
-1
-1
8643
-1
-1
0
-1
11961
-1
-1
-1
-1
14199
-1
-1
0
-1
-1
0
8139
-1
-1
-1
-1
-1
9427
-1
5415
16903
-1
-1
0
11921
-1
-1
-1
-1
8910
28608
-1
8559
-1
0
0
-1
0
-1
0
-1
-1
7261
-1
-1
-1
-1
-1
-1
-1
0
-1
-1
-1
9983
0
21773
-1
0
-1
0
5101
0
-1
7416
0
8910
0
9971
0
4206
-1
-1
0
-1
8782
0
0
16537
-1
10773
0
-1
-1
-1
0
-1
-1
-1
0
7775
-1
-1
-1
-1
-1
-1
0
16063
-1
-1
-1
-1
0
-1
-1
22390
6359
-1
-1
5935
0
29514
-1
1170
-1
-1
-1
-1
24372
-1
-1
-1
-1
-1
-1
8107
0
-1
-1
0
-1
525
-1
-1
-1
-1
8107
4700
-1
-1
-1
-1
-1
9170
-1
-1
4206
0
0
-1
-1
-1
7775
23067
6996
10872
7741
9971
-1
-1
9686
0
-1
-1
-1
-1
10503
-1
-1
-1
-1
0
5955
0
-1
-1
-1
-1
-1
28262
-1
-1
-1
-1
22755
0
-1
-1
-1
-1
11961
-1
-1
14703
0
-1
-1
-1
0
-1
-1
-1
-1
24956
-1
15002
0
-1
-1
0
-1
-1
1192
-1
7260
-1
-1
7634
0
-1
0
-1
-1
8892
0
-1
7775
4299
-1
-1
16429
-1
-1
0
11587
-1
-1
-1
0
0
-1
17169
-1
0
7653
5569
-1
0
-1
7095
0
-1
-1
-1
-1
-1
-1
0
-1
-1
-1
-1
-1
0
8094
-1
-1
0
21006
0
-1
0
-1
-1
5935
-1
-1
-1
0
17152
-1
5695
0
-1
8812
0
-1
-1
-1
0
-1
-1
9865
-1
-1
0
-1
8910
-1
80
-1
-1
-1
-1
-1
0
12069
-1
0
-1
0
8667
-1
-1
-1
-1
-1
-1
-1
-1
-1
-1
-1
0
-1
0
0
-1
-1
-1
8910
0
-1
3174
-1
-1
-1
30200
7775
0
0
0
-1
-1
12589
25
3087
-1
-1
7920
5464
-1
-1
-1
-1
10394
18539
11191
-1
0
9196
-1
-1
-1
0
-1
-1
0
-1
-1
-1
5356
29514
5375
0
7608
-1
-1
5935
0
-1
-1
0
-1
-1
-1
0
-1
0
-1
-1
-1
-1
4433
-1
0
-1
-1
-1
0
-1
-1
-1
-1
0
0
-1
0
-1
-1
16537
-1
-1
0
-1
-1
0
-1
0
-1
0
5401
7775
-1
-1
-1
-1
15424
0
0
-1
5559
-1
-1
21773
7653
5935
-1
-1
-1
0
-1
-1
0
-1
0
0
0
-1
-1
-1
-1
0
-1
7775
-1
-1
-1
0
13544
-1
-1
-1
-1
-1
-1
-1
-1
-1
-1
8892
0
-1
-1
-1
0
5955
-1
17087
-1
22431
-1
-1
-1
-1
-1
-1
-1
-1
16854
-1
-1
-1
-1
-1
-1
-1
-1
7743
0
-1
-1
0
-1
7416
-1
-1
-1
-1
0
8740
5935
0
15424
-1
0
5864
-1
-1
-1
-1
-1
-1
5569
0
-1
-1
-1
-1
0
-1
0
-1
2200
-1
-1
8719
2776
4762
-1
-1
-1
-1
-1
-1
0
0
-1
0
4762
0
0
-1
0
-1
2200
-1
-1
8107
-1
-1
-1
-1
7741
-1
-1
24575
9579
-1
0
-1
-1
0
-1
0
-1
8127
9431
7416
-1
0
-1
-1
-1
-1
7775
-1
-1
-1
-1
-1
0
-1
12408
-1
-1
-1
-1
-1
0
-1
9510
16185
2927
-1
0
-1
-1
-1
-1
-1
0
25
-1
0
-1
-1
0
-1
-1
7775
-1
-1
-1
4762
0
-1
-1
-1
-1
2681
-1
0
8438
-1
0
13481
0
10801
4762
16537
-1
-1
-1
9440
-1
-1
-1
0
0
-1
-1
-1
-1
-1
-1
-1
7775
0
-1
0
16473
-1
-1
9504
-1
-1
0
2252
-1
0
-1
6359
-1
-1
-1
1587
-1
7036
-1
-1
-1
9686
-1
-1
16048
-1
0
-1
-1
0
8910
-1
-1
20031
-1
-1
-1
-1
-1
0
-1
0
-1
-1
0
8892
-1
0
-1
0
0
0
-1
8643
-1
14358
0
-1
-1
-1
45859
-1
0
1192
0
-1
-1
-1
16537
0
0
-1
0
8997
-1
15002
-1
-1
12589
7741
-1
-1
-1
-1
-1
0
0
5935
-1
-1
-1
-1
0
22755
-1
-1
-1
-1
0
2200
-1
7743
-1
23067
0
-1
4591
-1
-1
0
-1
-1
0
-1
-1
0
-1
37207
0
-1
-1
-1
0
-1
0
-1
-1
-1
-1
-1
-1
-1
0
-1
-1
4887
8910
-1
-1
0
7775
0
8923
-1
-1
-1
0
0
0
0
-1
-1
-1
-1
-1
-1
-1
0
-1
-1
-1
0
0
0
-1
-1
-1
-1
-1
-1
-1
0
0
-1
-1
-1
-1
-1
0
-1
-1
0
0
-1
-1
-1
-1
-1
0
9312
-1
-1
-1
-1
-1
-1
-1
-1
-1
-1
9640
880
-1
7634
0
10503
0
0
-1
0
-1
-1
7611
-1
9905
0
8909
-1
18757
-1
-1
-1
-1
-1
-1
0
0
20112
-1
13290
0
5264
-1
0
31569
0
1969
8997
-1
-1
-1
-1
-1
-1
0
0
0
-1
0
-1
-1
31577
0
-1
6761
21345
-1
-1
-1
-1
2509
-1
-1
-1
0
-1
0
9295
-1
-1
-1
-1
0
0
0
-1
-1
-1
18816
-1
-1
-1
0
-1
4299
-1
-1
-1
5935
-1
-1
0
11961
-1
7566
-1
19336
0
0
0
-1
18757
-1
-1
18339
0
-1
-1
0
7741
-1
0
1969
-1
-1
4591
0
-1
-1
0
16440
-1
5935
-1
8107
7261
0
-1
0
-1
0
0
-1
-1
-1
7775
0
-1
0
4762
9121
-1
-1
-1
-1
0
-1
-1
0
-1
-1
-1
-1
-1
-1
-1
-1
-1
-1
-1
-1
-1
-1
-1
-1
-1
0
-1
45859
0
0
-1
7775
-1
0
-1
0
0
-1
0
0
-1
-1
-1
0
9686
8831
-1
-1
0
4762
6571
-1
0
-1
-1
-1
-1
-1
-1
0
-1
-1
7261
-1
-1
0
-1
-1
20605
0
-1
-1
-1
-1
-1
-1
0
0
-1
-1
-1
-1
-1
-1
23067
-1
-1
-1
-1
-1
-1
-1
-1
-1
1455
-1
-1
-1
0
-1
9631
9510
-1
-1
0
-1
7741
0
0
8704
0
-1
34397
-1
0
18757
-1
-1
0
-1
15015
-1
-1
0
-1
7741
-1
0
-1
0
-1
0
-1
0
-1
8643
-1
2776
-1
-1
-1
-1
-1
-1
0
-1
0
-1
-1
-1
5871
-1
11908
-1
-1
17152
-1
-1
0
-1
0
0
-1
0
0
-1
-1
-1
-1
-1
6359
10310
0
0
0
-1
-1
7775
-1
0
0
-1
0
-1
-1
-1
0
0
-1
-1
-1
0
0
0
0
-1
0
-1
-1
-1
-1
-1
5208
15255
0
856
-1
15002
-1
-1
0
-1
-1
0
0
0
0
-1
-1
0
-1
0
0
-1
-1
0
-1
-1
0
7634
8643
-1
-1
-1
8107
-1
-1
-1
-1
-1
35685
-1
-1
0
-1
0
8910
0
-1
-1
-1
-1
8107
0
18339
-1
-1
-1
4308
2577
-1
0
-1
-1
0
-1
-1
0
-1
0
-1
0
9686
-1
0
-1
4363
-1
0
-1
-1
20568
-1
0
-1
16537
-1
5559
-1
-1
0
5401
0
0
-1
0
-1
-1
13024
-1
0
0
0
0
-1
-1
16537
-1
-1
-1
-1
-1
0
-1
8107
-1
-1
-1
-1
4299
-1
-1
0
0
-1
11191
-1
-1
7261
-1
3147
-1
0
0
-1
-1
23067
-1
-1
-1
2681
-1
9826
4654
-1
9510
-1
5567
0
-1
11173
-1
0
-1
-1
-1
-1
8812
-1
8024
7775
-1
-1
-1
-1
7416
-1
-1
-1
-1
-1
-1
12979
14755
8677
9905
-1
-1
0
0
0
7876
0
0
14143
-1
-1
24372
-1
27416
4578
9686
-1
4148
-1
4669
1969
0
-1
-1
0
4206
-1
-1
-1
-1
-1
7567
0
-1
0
0
-1
1876
713
0
7775
-1
-1
-1
6091
-1
0
-1
0
-1
-1
-1
0
-1
-1
-1
-1
0
-1
-1
0
-1
-1
-1
-1
7634
0
-1
-1
-1
0
-1
-1
0
0
-1
-1
-1
-1
5415
-1
-1
-1
-1
-1
5764
-1
4669
-1
0
-1
23067
0
7461
-1
-1
-1
7741
-1
9140
0
-1
-1
-1
-1
-1
0
-1
0
-1
-1
0
-1
4762
0
-1
6144
-1
-1
-1
-1
-1
-1
0
0
-1
9216
-1
-1
-1
7036
-1
-1
-1
-1
-1
-1
-1
-1
0
-1
0
7653
23067
-1
-1
856
-1
-1
-1
-1
8892
-1
-1
0
-1
-1
-1
-1
-1
0
0
8139
-1
-1
13544
0
0
-1
-1
-1
-1
-1
-1
0
0
0
-1
0
-1
-1
0
0
15002
-1
0
-1
-1
-1
0
18757
0
-1
5595
-1
-1
10503
-1
-1
-1
16644
0
-1
0
-1
10310
-1
-1
-1
-1
-1
-1
-1
-1
-1
-1
-1
5247
-1
-1
8107
-1
0
-1
-1
-1
0
-1
-1
-1
0
0
-1
0
-1
-1
-1
-1
-1
0
0
-1
-1
22390
0
0
0
-1
-1
15345
16537
-1
8643
-1
0
2200
-1
18438
-1
-1
0
-1
-1
-1
-1
8403
-1
-1
-1
9345
-1
0
-1
-1
-1
-1
22872
-1
7416
0
-1
8997
-1
25241
5935
-1
7743
13327
-1
-1
9865
0
-1
0
579
-1
23067
2577
0
-1
5935
11961
-1
-1
-1
0
-1
0
0
0
5415
0
13821
7741
-1
-1
-1
-1
0
-1
0
-1
-1
-1
17410
-1
22775
-1
-1
-1
0
-1
-1
0
-1
-1
5355
5935
1652
14755
0
0
-1
-1
-1
5935
-1
-1
-1
-1
0
-1
0
32934
0
-1
-1
-1
7566
-1
-1
0
14143
-1
-1
-1
-1
-1
-1
-1
0
0
21387
7741
12589
-1
-1
-1
11517
0
-1
9267
0
0
-1
5247
0
11936
-1
-1
13389
-1
11921
-1
-1
-1
0
-1
-1
-1
-1
-1
-1
0
-1
-1
0
-1
-1
11580
-1
-1
-1
3341
-1
11753
-1
-1
-1
0
-1
-1
-1
-1
-1
-1
-1
6359
8892
9140
7775
-1
0
0
-1
-1
-1
-1
-1
-1
0
-1
-1
0
-1
-1
9686
-1
-1
-1
46259
-1
-1
-1
0
0
-1
0
-1
-1
0
7876
-1
-1
0
-1
-1
-1
-1
-1
4669
-1
-1
5935
0
0
17152
0
7416
0
0
-1
-1
-1
-1
-1
9267
17986
-1
-1
0
-1
8997
-1
7741
0
-1
0
0
-1
-1
23067
-1
0
-1
17676
-1
-1
-1
-1
0
7741
-1
0
-1
7634
-1
0
-1
2577
-1
-1
9971
35008
7827
31577
-1
4669
0
-1
7775
-1
-1
-1
-1
-1
0
-1
-1
8812
0
0
-1
-1
8910
-1
-1
-1
-1
0
-1
-1
-1
-1
0
12534
-1
-1
-1
16861
0
-1
0
-1
-1
-1
-1
-1
-1
9686
-1
-1
7775
0
-1
-1
-1
8910
0
-1
-1
-1
-1
3059
-1
8910
-1
0
-1
-1
0
-1
0
0
-1
8812
5356
-1
-1
8910
-1
0
0
-1
-1
-1
-1
-1
0
-1
-1
0
-1
-1
-1
-1
-1
0
-1
-1
-1
-1
-1
-1
-1
-1
0
-1
-1
-1
0
17497
-1
-1
16716
-1
-1
0
-1
-1
-1
-1
7876
-1
0
-1
0
-1
9983
-1
-1
12589
17986
-1
-1
0
-1
-1
0
-1
5864
-1
4206
8107
-1
5575
-1
-1
4363
21773
0
-1
-1
-1
2200
-1
-1
0
-1
3509
4363
9905
-1
-1
13389
-1
14678
0
-1
-1
-1
-1
0
-1
5569
0
856
-1
-1
0
-1
-1
4277
-1
-1
0
0
-1
-1
8127
-1
8107
0
-1
-1
-1
-1
-1
-1
7741
-1
11577
4762
0
-1
5935
-1
-1
0
0
12589
-1
-1
-1
8910
1969
-1
-1
-1
18757
0
-1
-1
-1
-1
0
-1
0
8643
-1
-1
9504
-1
-1
-1
5138
23067
-1
-1
-1
9267
-1
-1
-1
-1
4762
-1
-1
-1
-1
-1
0
0
-1
-1
0
-1
0
-1
0
-1
-1
29514
0
13024
-1
4996
0
-1
-1
-1
-1
-1
-1
-1
-1
-1
-1
-1
-1
-1
0
-1
8107
0
29514
9686
2863
-1
-1
-1
-1
0
-1
-1
3845
-1
0
7775
4363
0
11936
-1
-1
0
0
-1
-1
-1
7018
1969
-1
0
25
-1
-1
-1
7775
-1
-1
0
-1
8438
-1
0
-1
-1
-1
-1
-1
-1
0
-1
-1
-1
8107
0
0
-1
-1
-1
-1
7634
0
-1
-1
-1
-1
-1
0
-1
-1
17152
-1
-1
6412
9593
5935
-1
0
0
-1
23067
-1
0
0
-1
-1
0
-1
1203
8910
-1
-1
0
0
-1
-1
-1
4762
-1
0
-1
-1
-1
-1
-1
-1
-1
-1
5559
9267
-1
-1
-1
-1
0
-1
5260
-1
0
-1
0
-1
-1
0
0
-1
0
-1
-1
-1
-1
-1
-1
0
-1
0
0
6359
-1
10417
-1
-1
3341
0
-1
-1
-1
0
5559
-1
-1
-1
-1
0
0
0
-1
0
-1
0
8997
5935
16823
-1
5464
0
-1
-1
-1
5997
-1
0
7775
0
-1
-1
0
0
-1
5955
-1
18757
9427
0
-1
-1
-1
0
0
-1
-1
0
-1
8107
-1
0
-1
-1
14377
-1
7775
5935
6050
1969
-1
-1
-1
-1
0
0
-1
-1
-1
-1
-1
0
-1
5935
-1
13481
0
-1
-1
-1
0
0
0
-1
-1
9983
1969
0
5264
-1
856
-1
-1
-1
-1
23067
-1
16537
4669
264
13544
0
-1
0
6761
0
-1
0
-1
4762
0
0
13544
-1
-1
-1
-1
-1
-1
12589
-1
8910
-1
-1
4762
-1
-1
0
-1
-1
-1
-1
0
-1
-1
-1
-1
-1
-1
-1
-1
-1
-1
-1
-1
11961
0
19343
-1
5415
-1
-1
-1
0
5355
5935
-1
0
-1
11961
0
-1
-1
0
-1
0
-1
-1
-1
0
-1
-1
-1
8107
0
0
-1
-1
0
-1
0
7741
23067
-1
-1
-1
8910
-1
-1
8910
-1
2200
-1
0
9267
0
-1
22431
-1
-1
-1
-1
-1
0
-1
-1
-1
-1
9905
5328
0
5247
7741
-1
-1
0
8772
-1
0
0
7827
-1
8107
-1
5935
9686
2200
-1
0
0
-1
-1
-1
-1
8740
-1
-1
-1
0
-1
8562
0
0
-1
7634
-1
-1
0
12979
-1
-1
3064
16537
-1
-1
7461
0
-1
0
-1
-1
-1
-1
0
-1
-1
-1
-1
0
5448
-1
-1
0
0
-1
-1
-1
-1
18619
-1
-1
-1
0
0
0
-1
-1
1969
9267
-1
0
7775
12589
0
-1
-1
0
-1
-1
-1
8892
0
18757
0
4299
-1
0
-1
-1
-1
31703
0
-1
-1
-1
-1
4206
-1
12589
-1
6116
13822
9330
-1
0
5935
7876
0
-1
-1
-1
-1
0
21387
0
-1
-1
-1
-1
-1
-1
8511
-1
-1
8892
-1
13388
-1
7653
0
-1
-1
14798
2200
0
-1
-1
-1
-1
0
-1
-1
-1
0
-1
-1
-1
-1
-1
0
17152
-1
-1
-1
0
0
0
-1
-1
-1
8285
-1
6359
-1
0
-1
2205
-1
-1
-1
-1
0
0
22753
18122
-1
-1
0
0
0
-1
-1
-1
4177
-1
8910
13481
-1
-1
-1
-1
0
-1
0
0
0
-1
0
-1
-1
2370
0
-1
-1
-1
-1
11961
4761
-1
-1
-1
-1
0
4299
-1
11961
-1
0
29514
0
0
0
-1
-1
8332
-1
-1
-1
-1
0
-1
-1
6359
-1
-1
-1
-1
-1
-1
-1
-1
-1
-1
-1
0
-1
-1
-1
0
16570
-1
30200
-1
-1
6971
6628
9686
0
13995
-1
0
-1
-1
0
0
16716
-1
-1
4414
12589
7611
0
-1
0
0
-1
0
0
-1
-1
0
-1
-1
13821
-1
7743
-1
7416
-1
-1
-1
7187
0
-1
-1
-1
-1
0
2200
1876
0
-1
-1
-1
30200
-1
0
-1
-1
-1
0
0
-1
0
0
4578
0
0
-1
-1
16537
-1
9983
-1
0
-1
0
0
-1
-1
8139
15385
-1
0
-1
-1
-1
0
8892
-1
-1
-1
-1
-1
0
-1
-1
-1
0
7634
-1
9504
-1
-1
-1
0
-1
-1
4363
0
14595
5356
0
0
-1
0
-1
7416
9196
0
0
-1
0
-1
-1
0
-1
10801
-1
4762
0
-1
0
-1
-1
32790
0
-1
-1
-1
-1
11542
0
17061
0
18757
0
-1
9427
-1
-1
-1
-1
0
-1
2200
-1
0
10082
-1
5935
-1
9504
-1
-1
-1
-1
-1
-1
0
10503
-1
-1
0
6039
-1
8997
-1
-1
-1
-1
-1
4762
-1
-1
-1
-1
-1
8324
-1
-1
0
-1
0
20031
-1
-1
0
0
0
0
-1
-1
-1
-1
-1
-1
-1
-1
5260
4414
-1
10872
0
-1
0
3006
0
-1
0
-1
-1
8997
-1
5260
-1
-1
-1
18438
-1
-1
-1
0
-1
11961
-1
-1
5355
-1
-1
0
-1
7775
-1
0
-1
-1
-1
3174
-1
4161
-1
-1
0
2577
-1
-1
-1
7261
-1
-1
20112
-1
4591
9140
-1
-1
0
-1
0
-1
20197
-1
10801
-1
-1
0
-1
0
-1
0
5356
-1
-1
-1
0
-1
0
0
-1
0
-1
0
0
5864
-1
-1
-1
-1
4762
-1
-1
6201
25
-1
4996
-1
-1
-1
0
12979
-1
-1
-1
0
-1
-1
-1
0
-1
-1
-1
-1
7775
-1
-1
0
0
0
7775
7319
8207
-1
-1
-1
2681
856
-1
-1
-1
0
-1
-1
1969
-1
-1
0
-1
-1
4206
-1
-1
-1
-1
5935
-1
7741
0
-1
-1
0
-1
0
0
-1
4762
0
0
-1
-1
0
-1
-1
-1
-1
-1
4669
-1
-1
-1
-1
-1
-1
7775
-1
-1
-1
-1
-1
4206
0
4498
-1
-1
-1
-1
4762
0
9196
-1
-1
4996
-1
13745
0
0
11936
-1
-1
5559
-1
11580
-1
-1
-1
-1
0
16537
-1
-1
-1
-1
8997
0
0
0
-1
-1
0
-1
0
4486
-1
-1
5654
-1
-1
-1
-1
-1
31577
-1
-1
8200
0
-1
525
0
0
-1
-1
-1
-1
1170
-1
-1
-1
-1
15424
-1
0
-1
0
1192
-1
0
-1
-1
31319
9905
-1
-1
0
-1
-1
-1
-1
14755
-1
11961
0
0
0
-1
-1
-1
-1
-1
0
7741
0
-1
-1
-1
-1
-1
8107
-1
-1
5559
-1
0
0
0
-1
5559
-1
0
-1
-1
0
-1
-1
19926
-1
-1
-1
9971
-1
-1
-1
-1
-1
-1
0
0
-1
-1
-1
-1
-1
-1
7743
0
4591
0
0
-1
-1
4914
-1
-1
0
0
-1
4591
0
-1
9865
-1
-1
0
0
-1
-1
-1
0
4761
-1
-1
-1
0
4363
-1
-1
-1
0
-1
-1
-1
-1
-1
9504
-1
-1
8139
17716
0
-1
-1
-1
0
-1
-1
7743
0
-1
0
-1
-1
9686
-1
3579
-1
5935
9301
-1
-1
-1
8639
-1
-1
-1
-1
-1
-1
0
-1
20031
0
-1
-1
5264
-1
-1
0
0
19893
-1
-1
0
-1
-1
-1
-1
-1
0
0
-1
-1
-1
3199
-1
0
7743
-1
-1
0
-1
-1
0
0
-1
-1
-1
7741
-1
-1
-1
7809
-1
11580
-1
-1
-1
-1
0
0
-1
0
-1
3087
0
0
-1
-1
0
0
-1
-1
-1
9504
-1
-1
0
-1
-1
-1
-1
16048
-1
-1
-1
0
-1
-1
0
0
0
5559
-1
-1
-1
23067
0
-1
-1
-1
0
0
0
-1
-1
0
-1
14749
-1
-1
-1
0
7416
-1
-1
0
-1
-1
7566
-1
7743
-1
-1
-1
2200
12069
-1
-1
1455
-1
-1
16473
7743
0
8107
-1
0
0
-1
-1
0
-1
0
-1
0
0
0
-1
8910
0
-1
-1
7741
-1
11153
-1
24073
-1
-1
22011
-1
0
-1
-1
0
0
-1
0
-1
-1
-1
-1
0
0
0
0
-1
-1
-1
-1
-1
-1
-1
0
0
3174
8107
0
5935
-1
5464
0
0
0
-1
6971
0
-1
5864
-1
-1
-1
0
-1
0
7775
-1
-1
-1
-1
-1
-1
-1
-1
-1
-1
-1
-1
5415
7416
-1
-1
-1
-1
7741
-1
-1
-1
-1
-1
-1
-1
7416
-1
0
-1
9686
-1
0
9865
-1
-1
4762
-1
-1
-1
-1
0
0
-1
-1
-1
-1
8639
-1
-1
0
-1
-1
9905
0
0
0
-1
-1
-1
-1
-1
-1
-1
-1
5415
-1
-1
0
0
-1
-1
-1
5559
-1
-1
-1
-1
-1
-1
-1
-1
-1
16537
7416
-1
-1
-1
16473
-1
-1
-1
-1
-1
-1
0
8612
0
-1
2681
-1
-1
-1
-1
-1
9723
16473
0
-1
-1
9267
0
0
5038
0
-1
-1
4762
0
-1
-1
-1
0
4937
4762
-1
-1
-1
3006
-1
-1
0
0
-1
-1
7743
-1
-1
-1
8814
-1
-1
23067
-1
13389
7416
5559
4762
-1
-1
7743
-1
-1
-1
-1
4206
-1
17152
0
-1
0
0
-1
24718
-1
15255
24105
-1
-1
10503
15002
0
-1
-1
-1
11897
22304
-1
0
-1
-1
-1
-1
0
-1
0
-1
-1
0
-1
-1
7634
-1
18816
0
8259
0
0
-1
-1
-1
-1
-1
-1
0
-1
-1
6567
-1
0
-1
-1
0
-1
-1
11450
-1
-1
-1
5864
0
-1
8812
-1
-1
0
-1
0
-1
1455
-1
0
12269
0
0
-1
15002
-1
-1
-1
0
-1
9686
0
-1
0
-1
-1
-1
-1
-1
-1
-1
0
-1
-1
-1
-1
-1
-1
-1
-1
5415
14618
-1
-1
7741
-1
-1
-1
-1
-1
0
8200
-1
5138
4486
0
-1
-1
0
0
-1
-1
-1
-1
-1
0
-1
-1
0
-1
3588
0
0
-1
7611
-1
-1
5955
-1
7634
-1
-1
-1
0
-1
-1
0
7634
-1
8324
-1
-1
9427
2863
-1
-1
12979
-1
0
-1
-1
-1
0
-1
8910
-1
-1
4762
-1
-1
-1
0
-1
0
16537
-1
-1
-1
-1
-1
0
18339
-1
8207
-1
-1
-1
5038
0
-1
-1
-1
0
7187
-1
-1
-1
0
7775
-1
-1
-1
9865
-1
0
0
-1
-1
0
0
-1
0
4299
-1
-1
-1
-1
-1
-1
-1
21754
-1
-1
-1
4669
-1
-1
4762
-1
6971
-1
-1
856
12069
-1
-1
0
-1
0
-1
0
0
-1
-1
-1
9865
0
-1
-1
-1
-1
-1
-1
0
-1
0
-1
-1
0
2205
-1
-1
-1
-1
-1
-1
-1
-1
0
0
-1
-1
10394
5935
0
0
-1
-1
-1
8910
8214
-1
-1
-1
0
8350
-1
-1
-1
-1
-1
0
0
0
7741
-1
-1
0
-1
-1
-1
0
7416
-1
-1
-1
11936
-1
8107
-1
-1
-1
-1
4299
-1
-1
-1
0
-1
14377
-1
-1
-1
-1
8740
-1
-1
-1
0
0
-1
-1
-1
-1
7018
-1
-1
-1
-1
-1
8107
-1
0
15040
-1
-1
0
-1
12335
13044
-1
-1
18757
-1
0
-1
-1
5935
0
-1
0
-1
5935
-1
-1
4299
9971
-1
-1
-1
-1
-1
4914
0
-1
-1
-1
-1
-1
-1
-1
9267
-1
0
-1
-1
-1
-1
7775
-1
-1
-1
31872
-1
-1
7741
0
-1
-1
4147
-1
-1
-1
-1
-1
-1
-1
-1
-1
0
-1
-1
0
-1
0
-1
0
-1
-1
-1
-1
0
-1
8643
-1
-1
0
0
2681
-1
-1
0
7634
-1
-1
-1
23067
0
9865
3087
-1
0
0
0
-1
0
-1
12728
-1
7634
-1
-1
0
22658
-1
-1
-1
0
-1
-1
0
-1
-1
-1
13821
-1
-1
0
-1
0
0
0
-1
-1
11961
8107
-1
-1
0
-1
4858
-1
-1
0
-1
0
0
-1
-1
0
16537
3006
25435
-1
0
0
-1
-1
-1
5437
-1
-1
17104
-1
-1
0
-1
-1
7775
-1
-1
0
0
0
5260
-1
4299
7634
0
0
-1
0
7416
-1
0
-1
0
-1
-1
13905
-1
0
5278
-1
-1
-1
-1
0
0
-1
-1
-1
-1
7741
-1
-1
7775
0
-1
-1
4762
-1
4891
-1
9686
-1
-1
-1
0
-1
-1
-1
-1
5713
0
-1
-1
-1
-1
7634
-1
6810
0
0
7416
8740
-1
0
5935
5935
-1
-1
-1
-1
0
-1
-1
0
-1
0
-1
1969
4762
-1
-1
0
-1
-1
4762
-1
-1
0
-1
-1
-1
-1
-1
-1
0
0
-1
-1
0
-1
0
9267
0
-1
0
0
7743
-1
-1
-1
-1
8639
-1
8107
-1
9971
-1
4762
9686
-1
-1
-1
-1
4206
-1
-1
0
4669
-1
5208
1979
-1
0
-1
-1
-1
-1
15480
-1
7611
-1
11961
-1
-1
-1
-1
-1
21754
-1
-1
-1
-1
-1
0
0
8107
0
0
-1
-1
-1
-1
-1
6761
0
-1
-1
-1
4299
-1
-1
-1
0
-1
9470
0
0
-1
-1
-1
-1
0
-1
13339
0
-1
0
0
0
21759
14755
-1
-1
-1
8997
-1
-1
0
6688
-1
-1
0
0
-1
7461
-1
-1
-1
-1
-1
-1
-1
-1
0
-1
-1
-1
-1
-1
-1
-1
-1
-1
0
-1
-1
-1
0
8158
4591
-1
-1
4578
-1
-1
7036
-1
-1
0
-1
-1
-1
-1
0
19332
-1
18052
-1
-1
-1
0
-1
0
-1
-1
0
-1
0
-1
-1
7416
-1
-1
-1
0
0
5264
0
0
0
-1
-1
-1
6693
-1
-1
-1
0
0
-1
-1
-1
2200
7095
-1
-1
0
-1
-1
0
-1
-1
-1
-1
-1
-1
-1
-1
-1
-1
-1
5864
-1
-1
-1
5415
0
-1
856
14139
-1
0
-1
0
-1
5935
35715
-1
-1
-1
-1
-1
-1
0
21754
21754
0
0
8127
-1
-1
-1
0
8997
-1
-1
0
0
0
-1
0
-1
-1
-1
-1
-1
0
0
856
-1
-1
0
15002
-1
7741
-1
-1
-1
2200
5840
9971
0
18758
-1
9865
8107
11563
-1
-1
-1
-1
-1
0
-1
-1
-1
5935
23067
-1
5806
7416
0
-1
-1
-1
-1
-1
-1
-1
0
-1
5464
-1
-1
-1
-1
-1
-1
0
-1
-1
-1
0
-1
-1
21754
0
-1
0
-1
-1
0
-1
-1
-1
-1
-1
0
-1
-1
8910
8337
9504
-1
0
-1
0
-1
-1
-1
18339
-1
-1
-1
11734
-1
0
-1
-1
-1
-1
-1
-1
0
-1
7741
-1
-1
2396
14325
0
0
-1
-1
-1
-1
-1
-1
-1
-1
-1
8997
-1
-1
0
-1
-1
-1
0
-1
-1
-1
-1
-1
-1
9865
4762
0
-1
12811
5355
-1
-1
-1
3514
6136
-1
0
-1
-1
-1
-1
-1
0
-1
3174
-1
0
-1
-1
-1
-1
-1
-1
-1
-1
-1
-1
-1
-1
-1
20955
0
7634
5864
-1
0
-1
-1
-1
-1
7741
-1
-1
-1
7461
-1
0
0
0
-1
-1
-1
-1
0
-1
-1
0
7634
0
-1
-1
0
-1
2200
8159
0
0
-1
-1
-1
-1
14738
-1
-1
0
-1
7187
0
-1
0
-1
-1
-1
0
-1
-1
0
-1
-1
0
-1
0
-1
-1
0
-1
-1
-1
4433
-1
-1
9865
-1
-1
-1
-1
8324
-1
7743
-1
0
0
0
-1
-1
-1
16716
11173
-1
0
-1
0
-1
8403
12589
0
-1
5264
-1
-1
-1
21754
-1
-1
-1
-1
0
0
0
-1
0
3087
-1
0
-1
-1
-1
7416
0
0
0
12130
7416
-1
8107
-1
-1
0
17871
0
-1
-1
-1
-1
-1
14337
-1
-1
20112
-1
-1
0
-1
-1
4669
0
0
-1
-1
-1
-1
-1
-1
7634
0
-1
-1
-1
-1
8997
8107
-1
0
32406
0
-1
0
-1
-1
-1
6737
-1
3341
-1
-1
0
-1
0
32363
8643
0
-1
-1
0
0
-1
-1
0
0
-1
0
-1
-1
5997
0
-1
-1
-1
-1
-1
0
-1
-1
2019
-1
0
9686
-1
-1
7634
8107
-1
-1
-1
0
0
7566
0
-1
29514
-1
-1
-1
12589
-1
-1
-1
7634
-1
-1
-1
-1
-1
-1
7741
-1
10503
-1
0
-1
-1
0
-1
-1
-1
-1
-1
7566
-1
0
-1
-1
-1
-1
-1
-1
30786
1969
-1
9922
0
-1
-1
5415
-1
-1
-1
0
-1
0
15002
-1
-1
-1
-1
-1
0
-1
-1
-1
-1
0
0
6737
-1
-1
-1
15412
-1
-1
0
5935
-1
-1
5415
-1
-1
-1
6359
37114
13913
-1
-1
0
-1
-1
-1
-1
-1
0
-1
4762
-1
-1
-1
-1
0
-1
-1
29514
13905
16537
-1
0
0
-1
-1
0
5935
-1
-1
-1
-1
-1
0
