837
2 416 1
2 233 2
5 502 2
6 397 1
6 94 2
7 685 1
7 386 1
8 514 2
8 132 2
8 462 1
8 249 1
9 141 2
9 50 2
10 649 1
11 202 2
12 542 2
12 96 2
12 308 2
13 804 1
13 134 2
13 795 2
13 113 1
14 680 1
14 818 1
14 457 2
15 189 2
16 323 2
16 770 2
16 792 1
17 697 1
17 810 1
18 635 1
20 662 1
20 561 1
20 648 2
21 557 1
21 519 2
22 302 1
22 471 1
22 451 1
23 439 2
24 758 2
25 547 2
25 116 1
25 171 2
26 358 2
28 97 1
28 775 2
28 655 1
29 41 2
29 170 1
29 648 2
29 357 2
30 508 1
30 250 2
30 368 2
33 573 2
35 828 1
36 107 2
36 595 2
38 816 2
38 258 2
38 42 2
40 153 2
40 323 2
40 791 1
42 655 1
42 793 2
45 161 2
47 456 1
48 616 2
48 824 2
49 344 2
49 198 2
53 195 1
54 804 2
54 434 1
55 139 1
55 672 1
55 243 2
55 672 1
56 826 2
56 438 2
56 255 2
58 63 2
59 394 1
59 169 1
60 521 1
60 465 1
61 137 1
61 487 1
62 65 1
63 331 1
64 386 1
66 116 1
67 166 2
67 438 2
68 830 2
68 671 1
70 615 2
70 549 2
71 116 1
71 475 2
72 590 1
72 795 2
73 687 1
73 598 2
75 237 1
77 492 1
78 519 2
79 611 1
79 745 2
83 433 2
83 428 2
84 517 1
85 403 2
85 354 1
86 252 1
88 484 1
88 508 2
88 149 1
89 211 1
89 500 2
89 94 2
89 529 2
89 122 2
91 574 1
91 442 1
91 524 2
92 316 2
92 239 1
92 684 2
93 523 2
93 631 2
94 659 2
94 701 1
94 156 2
95 305 1
95 173 1
95 370 1
95 828 1
96 290 2
97 256 1
97 708 1
98 395 1
98 401 2
99 113 2
99 560 1
100 517 1
100 412 2
100 178 2
101 282 1
102 293 2
102 463 2
105 611 2
105 588 2
106 376 1
106 260 2
107 630 2
107 141 1
109 334 1
110 569 1
110 245 1
110 789 1
111 801 1
111 788 2
112 485 2
112 751 2
114 496 2
114 543 1
115 721 2
117 353 1
118 287 2
119 827 2
119 460 1
120 567 2
120 562 1
120 494 1
122 504 2
123 513 1
126 291 2
127 349 2
127 576 1
127 357 2
128 455 1
128 206 2
129 313 1
130 423 1
130 424 1
130 359 2
131 435 1
132 832 1
133 197 1
134 370 2
134 151 2
135 570 1
135 534 2
137 493 2
138 785 2
139 308 1
139 143 2
143 582 2
143 699 2
144 242 1
144 615 1
144 231 2
144 476 2
145 220 2
146 733 1
148 521 2
148 502 2
148 543 1
149 818 1
150 268 1
150 472 1
153 228 1
153 792 2
154 453 2
154 235 1
155 736 2
155 294 1
157 594 1
158 369 2
158 344 1
158 718 2
158 638 2
158 785 2
160 618 1
160 728 2
161 220 1
163 672 1
163 344 1
163 522 1
165 641 2
165 491 2
165 563 1
165 496 1
166 299 2
167 796 1
167 511 2
169 640 1
170 662 2
172 374 2
172 386 2
177 473 2
177 748 1
178 633 2
179 742 2
180 719 2
180 587 2
181 550 1
181 340 2
183 492 2
183 591 1
184 327 2
185 513 2
186 804 2
186 423 2
187 701 2
188 402 2
188 661 1
190 551 1
190 750 1
191 836 1
192 416 2
194 202 2
194 362 2
194 477 1
196 312 2
198 572 2
199 776 1
200 387 1
200 326 1
200 486 2
201 627 2
201 261 2
202 526 2
204 504 2
204 224 1
205 603 2
205 429 2
206 335 1
206 217 2
207 660 1
209 228 2
209 787 1
213 709 2
214 704 1
214 681 2
216 799 1
216 446 1
217 441 1
218 486 1
220 421 1
221 286 2
221 772 2
223 413 2
223 238 2
224 228 1
227 792 1
228 592 1
229 395 1
230 530 2
231 730 1
231 573 2
232 506 2
233 425 1
233 678 1
234 398 2
234 747 1
235 554 2
236 369 2
237 398 2
239 822 2
240 679 2
242 508 1
242 672 1
244 703 1
244 296 2
244 528 1
245 766 1
246 833 2
249 717 2
250 343 1
251 314 1
254 809 2
255 343 2
256 782 1
257 825 1
257 740 1
257 455 2
259 796 2
260 794 1
261 528 1
261 604 2
262 628 2
263 645 2
263 792 2
263 703 1
264 411 1
264 721 2
265 647 2
267 684 1
267 508 2
268 294 1
269 800 2
270 737 1
271 444 1
273 808 1
274 336 2
274 563 2
274 660 2
274 665 1
275 613 1
277 403 1
277 356 2
278 291 1
278 623 2
280 396 2
282 509 1
283 776 2
283 670 2
285 370 1
286 370 2
286 446 1
287 415 2
287 700 2
287 500 2
288 580 2
288 638 1
290 370 2
291 426 1
291 738 2
292 303 2
294 627 1
294 613 2
294 495 2
295 604 1
296 743 2
297 310 2
297 410 2
299 345 2
300 567 1
300 671 2
300 766 1
301 336 1
301 712 2
301 599 1
305 651 1
305 827 1
306 312 1
306 387 1
308 671 2
308 442 1
311 552 1
316 785 1
316 679 1
316 649 1
318 517 1
318 544 2
318 494 2
319 642 1
319 407 1
320 597 2
320 777 2
320 822 1
321 593 2
322 709 2
323 432 1
324 398 2
324 395 1
329 664 2
329 832 1
331 779 2
332 519 1
332 801 1
334 686 1
335 533 1
336 489 2
336 427 2
337 657 2
337 762 1
337 589 2
339 346 1
339 478 1
340 387 1
342 378 2
343 512 1
345 804 1
345 835 1
346 446 1
350 373 2
350 631 1
352 666 1
352 781 1
352 538 2
353 387 2
353 536 2
354 623 2
354 810 2
357 504 1
358 708 1
358 799 2
360 796 2
361 474 2
362 717 2
362 503 2
363 535 2
363 572 2
364 656 1
367 794 1
367 523 2
368 492 1
372 437 2
374 565 1
374 790 2
376 625 1
377 381 2
378 522 2
379 679 2
380 604 1
384 702 2
385 516 1
386 585 1
387 770 1
391 636 1
393 729 2
394 772 2
394 662 2
395 446 1
395 505 2
397 662 2
398 526 2
399 510 2
401 753 2
401 621 1
401 711 1
402 574 1
403 682 2
404 567 2
405 458 2
405 808 2
407 608 1
407 688 1
409 462 1
409 603 1
410 755 2
413 637 2
417 744 1
417 452 1
419 605 2
419 690 2
423 644 2
425 690 2
425 598 2
427 712 1
428 668 2
433 706 2
435 824 1
438 592 1
441 466 2
443 743 2
446 717 2
448 562 1
449 630 1
451 809 1
452 551 1
452 808 1
454 529 1
455 752 2
455 827 1
457 481 2
457 784 1
461 636 2
461 728 1
461 792 2
462 782 1
464 816 2
467 734 2
467 601 1
470 503 1
471 626 2
471 571 1
471 496 1
472 600 2
472 768 2
473 703 2
474 502 1
483 778 1
490 825 2
491 526 2
493 709 1
493 562 1
493 821 2
495 651 2
496 591 1
497 716 2
502 637 1
502 514 1
507 678 1
510 700 2
510 659 2
513 704 1
514 670 2
517 748 1
519 831 1
519 759 2
523 712 1
525 634 1
529 766 1
530 612 1
531 734 1
534 775 2
535 596 2
536 798 2
536 806 1
537 753 1
540 591 2
544 656 2
544 802 1
546 770 2
549 810 2
549 765 1
552 652 2
560 631 2
561 669 2
562 570 2
562 606 2
565 591 2
568 626 2
569 677 2
569 689 2
569 773 2
572 775 2
576 576 2
577 692 2
578 607 1
580 604 1
580 760 1
586 601 1
587 677 1
589 611 2
597 751 1
598 824 2
598 695 1
604 755 2
607 695 2
610 642 2
616 642 2
621 643 2
630 836 2
632 725 2
632 837 1
641 805 1
643 684 2
643 737 1
645 782 1
648 816 2
651 652 2
653 768 1
655 679 1
658 773 2
660 681 2
661 661 1
664 807 1
667 758 1
670 685 1
673 793 1
678 744 2
690 752 1
693 805 2
696 710 1
697 714 2
711 745 1
714 786 1
716 826 1
726 772 1
731 804 1
737 794 2
750 801 2
751 836 1
752 790 2
763 790 2
778 800 2
808 811 1
810 821 2
